2g3n;[["internal_coords", {"log_lengths": true}]];["distances_2mer", "orientations_2mer", "distances_chain"]		{"[\"internal_coords\", {\"log_lengths\": true}]": [-0.003, -0.001, -0.981, -0.994, 0.359, 0.447, 0.521, 0.51, -0.736, 0.178, 0.006, -0.01, 0.932, 0.893, 0.852, 0.86, 0.383, 0.428, 0.285, 0.216], "\"distances_2mer\"": [0.999, 0.39, 0.021, 0.0, 0.0, 0.0, 0.0, 0.0, 0.0, 0.0, 0.0, 0.0, 0.0, 0.0, 0.0, 0.0, 0.0, 0.0, 0.0, 0.0, 0.147, 0.863, 0.684, 0.073, 0.001, 0.0, 0.0, 0.0, 0.0, 0.0, 0.0, 0.0, 0.0, 0.0, 0.0, 0.0, 0.0, 0.0, 0.0, 0.0, 0.004, 0.17, 0.893, 0.642, 0.063, 0.001, 0.0, 0.0, 0.0, 0.0, 0.0, 0.0, 0.0, 0.0, 0.0, 0.0, 0.0, 0.0, 0.0, 0.0, 0.0, 0.036, 0.411, 0.884, 0.406, 0.035, 0.0, 0.0, 0.0, 0.0, 0.0, 0.0, 0.0, 0.0, 0.0, 0.0, 0.0, 0.0, 0.0, 0.0, 0.033, 0.015, 0.027, 0.07, 0.091, 0.116, 0.143, 0.168, 0.218, 0.269, 0.249, 0.18, 0.107, 0.048, 0.018, 0.005, 0.001, 0.0, 0.0, 0.0, 0.005, 0.035, 0.054, 0.04, 0.091, 0.141, 0.14, 0.175, 0.229, 0.272, 0.257, 0.183, 0.094, 0.039, 0.014, 0.003, 0.0, 0.0, 0.0, 0.0, 0.007, 0.037, 0.055, 0.061, 0.081, 0.119, 0.149, 0.173, 0.224, 0.266, 0.257, 0.183, 0.101, 0.041, 0.014, 0.004, 0.001, 0.0, 0.0, 0.0, 0.0, 0.011, 0.063, 0.096, 0.079, 0.093, 0.151, 0.193, 0.218, 0.247, 0.235, 0.185, 0.117, 0.055, 0.02, 0.007, 0.002, 0.0, 0.0, 0.0, 0.147, 0.863, 0.684, 0.073, 0.001, 0.0, 0.0, 0.0, 0.0, 0.0, 0.0, 0.0, 0.0, 0.0, 0.0, 0.0, 0.0, 0.0, 0.0, 0.0, 0.999, 0.39, 0.021, 0.0, 0.0, 0.0, 0.0, 0.0, 0.0, 0.0, 0.0, 0.0, 0.0, 0.0, 0.0, 0.0, 0.0, 0.0, 0.0, 0.0, 0.123, 0.818, 0.738, 0.09, 0.001, 0.0, 0.0, 0.0, 0.0, 0.0, 0.0, 0.0, 0.0, 0.0, 0.0, 0.0, 0.0, 0.0, 0.0, 0.0, 0.006, 0.195, 0.925, 0.594, 0.052, 0.001, 0.0, 0.0, 0.0, 0.0, 0.0, 0.0, 0.0, 0.0, 0.0, 0.0, 0.0, 0.0, 0.0, 0.0, 0.005, 0.035, 0.054, 0.04, 0.091, 0.141, 0.14, 0.175, 0.228, 0.269, 0.251, 0.179, 0.097, 0.044, 0.016, 0.005, 0.001, 0.0, 0.0, 0.0, 0.033, 0.013, 0.006, 0.05, 0.098, 0.137, 0.169, 0.167, 0.224, 0.295, 0.273, 0.164, 0.082, 0.035, 0.012, 0.003, 0.0, 0.0, 0.0, 0.0, 0.004, 0.033, 0.055, 0.039, 0.092, 0.139, 0.143, 0.18, 0.231, 0.286, 0.263, 0.173, 0.085, 0.034, 0.012, 0.003, 0.0, 0.0, 0.0, 0.0, 0.0, 0.009, 0.058, 0.084, 0.085, 0.105, 0.147, 0.198, 0.245, 0.249, 0.237, 0.185, 0.103, 0.044, 0.016, 0.005, 0.001, 0.0, 0.0, 0.0, 0.004, 0.17, 0.893, 0.642, 0.063, 0.001, 0.0, 0.0, 0.0, 0.0, 0.0, 0.0, 0.0, 0.0, 0.0, 0.0, 0.0, 0.0, 0.0, 0.0, 0.123, 0.818, 0.738, 0.09, 0.001, 0.0, 0.0, 0.0, 0.0, 0.0, 0.0, 0.0, 0.0, 0.0, 0.0, 0.0, 0.0, 0.0, 0.0, 0.0, 0.999, 0.39, 0.021, 0.0, 0.0, 0.0, 0.0, 0.0, 0.0, 0.0, 0.0, 0.0, 0.0, 0.0, 0.0, 0.0, 0.0, 0.0, 0.0, 0.0, 0.255, 0.972, 0.502, 0.035, 0.0, 0.0, 0.0, 0.0, 0.0, 0.0, 0.0, 0.0, 0.0, 0.0, 0.0, 0.0, 0.0, 0.0, 0.0, 0.0, 0.007, 0.037, 0.055, 0.061, 0.081, 0.119, 0.149, 0.173, 0.223, 0.264, 0.254, 0.182, 0.103, 0.044, 0.015, 0.004, 0.001, 0.0, 0.0, 0.0, 0.004, 0.033, 0.055, 0.039, 0.092, 0.139, 0.143, 0.18, 0.232, 0.287, 0.264, 0.174, 0.084, 0.033, 0.01, 0.003, 0.0, 0.0, 0.0, 0.0, 0.033, 0.014, 0.023, 0.071, 0.09, 0.123, 0.145, 0.171, 0.233, 0.292, 0.27, 0.171, 0.081, 0.031, 0.009, 0.002, 0.0, 0.0, 0.0, 0.0, 0.008, 0.033, 0.031, 0.073, 0.109, 0.1, 0.138, 0.195, 0.239, 0.262, 0.248, 0.18, 0.097, 0.04, 0.013, 0.004, 0.001, 0.0, 0.0, 0.0, 0.0, 0.036, 0.411, 0.884, 0.406, 0.035, 0.0, 0.0, 0.0, 0.0, 0.0, 0.0, 0.0, 0.0, 0.0, 0.0, 0.0, 0.0, 0.0, 0.0, 0.006, 0.195, 0.925, 0.594, 0.052, 0.001, 0.0, 0.0, 0.0, 0.0, 0.0, 0.0, 0.0, 0.0, 0.0, 0.0, 0.0, 0.0, 0.0, 0.0, 0.255, 0.972, 0.502, 0.035, 0.0, 0.0, 0.0, 0.0, 0.0, 0.0, 0.0, 0.0, 0.0, 0.0, 0.0, 0.0, 0.0, 0.0, 0.0, 0.0, 0.999, 0.39, 0.021, 0.0, 0.0, 0.0, 0.0, 0.0, 0.0, 0.0, 0.0, 0.0, 0.0, 0.0, 0.0, 0.0, 0.0, 0.0, 0.0, 0.0, 0.0, 0.011, 0.063, 0.096, 0.079, 0.093, 0.151, 0.193, 0.217, 0.244, 0.233, 0.184, 0.115, 0.057, 0.023, 0.008, 0.002, 0.0, 0.0, 0.0, 0.0, 0.009, 0.058, 0.084, 0.085, 0.105, 0.147, 0.198, 0.246, 0.25, 0.237, 0.185, 0.102, 0.043, 0.016, 0.005, 0.001, 0.0, 0.0, 0.0, 0.008, 0.033, 0.031, 0.073, 0.109, 0.1, 0.138, 0.195, 0.239, 0.262, 0.247, 0.178, 0.097, 0.041, 0.015, 0.004, 0.001, 0.0, 0.0, 0.0, 0.033, 0.013, 0.009, 0.055, 0.117, 0.129, 0.131, 0.182, 0.236, 0.262, 0.236, 0.174, 0.106, 0.05, 0.019, 0.006, 0.002, 0.0, 0.0, 0.0, 0.033, 0.015, 0.027, 0.07, 0.091, 0.116, 0.143, 0.168, 0.218, 0.269, 0.249, 0.18, 0.107, 0.048, 0.018, 0.005, 0.001, 0.0, 0.0, 0.0, 0.005, 0.035, 0.054, 0.04, 0.091, 0.141, 0.14, 0.175, 0.228, 0.269, 0.251, 0.179, 0.097, 0.044, 0.016, 0.005, 0.001, 0.0, 0.0, 0.0, 0.007, 0.037, 0.055, 0.061, 0.081, 0.119, 0.149, 0.173, 0.223, 0.264, 0.254, 0.182, 0.103, 0.044, 0.015, 0.004, 0.001, 0.0, 0.0, 0.0, 0.0, 0.011, 0.063, 0.096, 0.079, 0.093, 0.151, 0.193, 0.217, 0.244, 0.233, 0.184, 0.115, 0.057, 0.023, 0.008, 0.002, 0.0, 0.0, 0.0, 0.999, 0.39, 0.021, 0.0, 0.0, 0.0, 0.0, 0.0, 0.0, 0.0, 0.0, 0.0, 0.0, 0.0, 0.0, 0.0, 0.0, 0.0, 0.0, 0.0, 0.147, 0.863, 0.684, 0.073, 0.001, 0.0, 0.0, 0.0, 0.0, 0.0, 0.0, 0.0, 0.0, 0.0, 0.0, 0.0, 0.0, 0.0, 0.0, 0.0, 0.004, 0.17, 0.893, 0.641, 0.063, 0.001, 0.0, 0.0, 0.0, 0.0, 0.0, 0.0, 0.0, 0.0, 0.0, 0.0, 0.0, 0.0, 0.0, 0.0, 0.001, 0.037, 0.419, 0.884, 0.397, 0.034, 0.0, 0.0, 0.0, 0.0, 0.0, 0.0, 0.0, 0.0, 0.0, 0.0, 0.0, 0.0, 0.0, 0.0, 0.005, 0.035, 0.054, 0.04, 0.091, 0.141, 0.14, 0.175, 0.229, 0.272, 0.257, 0.183, 0.094, 0.039, 0.014, 0.003, 0.0, 0.0, 0.0, 0.0, 0.033, 0.013, 0.006, 0.05, 0.098, 0.137, 0.169, 0.167, 0.224, 0.295, 0.273, 0.164, 0.082, 0.035, 0.012, 0.003, 0.0, 0.0, 0.0, 0.0, 0.004, 0.033, 0.055, 0.039, 0.092, 0.139, 0.143, 0.18, 0.232, 0.287, 0.264, 0.174, 0.084, 0.033, 0.01, 0.003, 0.0, 0.0, 0.0, 0.0, 0.0, 0.009, 0.058, 0.084, 0.085, 0.105, 0.147, 0.198, 0.246, 0.25, 0.237, 0.185, 0.102, 0.043, 0.016, 0.005, 0.001, 0.0, 0.0, 0.0, 0.147, 0.863, 0.684, 0.073, 0.001, 0.0, 0.0, 0.0, 0.0, 0.0, 0.0, 0.0, 0.0, 0.0, 0.0, 0.0, 0.0, 0.0, 0.0, 0.0, 0.999, 0.39, 0.021, 0.0, 0.0, 0.0, 0.0, 0.0, 0.0, 0.0, 0.0, 0.0, 0.0, 0.0, 0.0, 0.0, 0.0, 0.0, 0.0, 0.0, 0.123, 0.818, 0.738, 0.09, 0.001, 0.0, 0.0, 0.0, 0.0, 0.0, 0.0, 0.0, 0.0, 0.0, 0.0, 0.0, 0.0, 0.0, 0.0, 0.0, 0.006, 0.195, 0.925, 0.594, 0.052, 0.001, 0.0, 0.0, 0.0, 0.0, 0.0, 0.0, 0.0, 0.0, 0.0, 0.0, 0.0, 0.0, 0.0, 0.0, 0.007, 0.037, 0.055, 0.061, 0.081, 0.119, 0.149, 0.173, 0.224, 0.266, 0.257, 0.183, 0.101, 0.041, 0.014, 0.004, 0.001, 0.0, 0.0, 0.0, 0.004, 0.033, 0.055, 0.039, 0.092, 0.139, 0.143, 0.18, 0.231, 0.286, 0.263, 0.173, 0.085, 0.034, 0.012, 0.003, 0.0, 0.0, 0.0, 0.0, 0.033, 0.014, 0.023, 0.071, 0.09, 0.123, 0.145, 0.171, 0.233, 0.292, 0.27, 0.171, 0.081, 0.031, 0.009, 0.002, 0.0, 0.0, 0.0, 0.0, 0.008, 0.033, 0.031, 0.073, 0.109, 0.1, 0.138, 0.195, 0.239, 0.262, 0.247, 0.178, 0.097, 0.041, 0.015, 0.004, 0.001, 0.0, 0.0, 0.0, 0.004, 0.17, 0.893, 0.641, 0.063, 0.001, 0.0, 0.0, 0.0, 0.0, 0.0, 0.0, 0.0, 0.0, 0.0, 0.0, 0.0, 0.0, 0.0, 0.0, 0.123, 0.818, 0.738, 0.09, 0.001, 0.0, 0.0, 0.0, 0.0, 0.0, 0.0, 0.0, 0.0, 0.0, 0.0, 0.0, 0.0, 0.0, 0.0, 0.0, 0.999, 0.39, 0.021, 0.0, 0.0, 0.0, 0.0, 0.0, 0.0, 0.0, 0.0, 0.0, 0.0, 0.0, 0.0, 0.0, 0.0, 0.0, 0.0, 0.0, 0.255, 0.972, 0.502, 0.035, 0.0, 0.0, 0.0, 0.0, 0.0, 0.0, 0.0, 0.0, 0.0, 0.0, 0.0, 0.0, 0.0, 0.0, 0.0, 0.0, 0.0, 0.011, 0.063, 0.096, 0.079, 0.093, 0.151, 0.193, 0.218, 0.247, 0.235, 0.185, 0.117, 0.055, 0.02, 0.007, 0.002, 0.0, 0.0, 0.0, 0.0, 0.009, 0.058, 0.084, 0.085, 0.105, 0.147, 0.198, 0.245, 0.249, 0.237, 0.185, 0.103, 0.044, 0.016, 0.005, 0.001, 0.0, 0.0, 0.0, 0.008, 0.033, 0.031, 0.073, 0.109, 0.1, 0.138, 0.195, 0.239, 0.262, 0.248, 0.18, 0.097, 0.04, 0.013, 0.004, 0.001, 0.0, 0.0, 0.0, 0.033, 0.013, 0.009, 0.055, 0.117, 0.129, 0.131, 0.182, 0.236, 0.262, 0.236, 0.174, 0.106, 0.05, 0.019, 0.006, 0.002, 0.0, 0.0, 0.0, 0.001, 0.037, 0.419, 0.884, 0.397, 0.034, 0.0, 0.0, 0.0, 0.0, 0.0, 0.0, 0.0, 0.0, 0.0, 0.0, 0.0, 0.0, 0.0, 0.0, 0.006, 0.195, 0.925, 0.594, 0.052, 0.001, 0.0, 0.0, 0.0, 0.0, 0.0, 0.0, 0.0, 0.0, 0.0, 0.0, 0.0, 0.0, 0.0, 0.0, 0.255, 0.972, 0.502, 0.035, 0.0, 0.0, 0.0, 0.0, 0.0, 0.0, 0.0, 0.0, 0.0, 0.0, 0.0, 0.0, 0.0, 0.0, 0.0, 0.0, 0.999, 0.39, 0.021, 0.0, 0.0, 0.0, 0.0, 0.0, 0.0, 0.0, 0.0, 0.0, 0.0, 0.0, 0.0, 0.0, 0.0, 0.0, 0.0, 0.0, -3.179, 0.383, 0.903, 1.145, 1.924, 2.04, 2.032, 2.059, 0.383, -3.179, 0.428, 0.879, 2.042, 1.93, 2.037, 2.06, 0.903, 0.428, -3.179, 0.216, 2.033, 2.036, 1.914, 2.036, 1.145, 0.879, 0.216, -3.179, 2.061, 2.059, 2.036, 1.933, 1.924, 2.042, 2.033, 2.061, -3.179, 0.383, 0.902, 1.141, 2.04, 1.93, 2.036, 2.059, 0.383, -3.179, 0.428, 0.879, 2.032, 2.037, 1.914, 2.036, 0.902, 0.428, -3.179, 0.216, 2.059, 2.06, 2.036, 1.933, 1.141, 0.879, 0.216, -3.179], "\"orientations_2mer\"": [0.0, 0.0, 0.0, -0.955, -0.0, 0.0, -0.79, 0.0, -0.543, -0.663, 0.07, -0.613, -0.074, -0.002, -0.107, -0.096, -0.008, -0.107, -0.092, -0.021, -0.124, -0.104, -0.024, -0.127, 0.955, 0.0, -0.0, 0.0, 0.0, 0.0, -0.343, -0.0, -0.863, -0.307, 0.073, -0.778, 0.075, -0.008, -0.116, 0.049, -0.011, -0.113, 0.043, -0.019, -0.139, 0.033, -0.026, -0.136, 0.79, -0.0, 0.543, 0.343, 0.0, 0.863, 0.0, 0.0, 0.0, -0.164, 0.138, -0.424, 0.111, -0.009, 0.019, 0.098, -0.01, 0.027, 0.09, -0.016, 0.007, 0.077, -0.021, -0.006, 0.663, -0.07, 0.613, 0.307, -0.073, 0.778, 0.164, -0.138, 0.424, 0.0, 0.0, 0.0, 0.126, -0.025, 0.075, 0.113, -0.026, 0.073, 0.108, -0.034, 0.065, 0.096, -0.038, 0.051, 0.074, 0.002, 0.107, -0.075, 0.008, 0.116, -0.111, 0.009, -0.019, -0.126, 0.025, -0.075, 0.0, 0.0, 0.0, -0.073, -0.027, -0.048, -0.089, -0.037, -0.068, -0.092, -0.046, -0.072, 0.096, 0.008, 0.107, -0.049, 0.011, 0.113, -0.098, 0.01, -0.027, -0.113, 0.026, -0.073, 0.073, 0.027, 0.048, 0.0, 0.0, 0.0, -0.072, -0.033, -0.063, -0.08, -0.052, -0.069, 0.092, 0.021, 0.124, -0.043, 0.019, 0.139, -0.09, 0.016, -0.007, -0.108, 0.034, -0.065, 0.089, 0.037, 0.068, 0.072, 0.033, 0.063, 0.0, 0.0, 0.0, -0.065, -0.059, -0.053, 0.104, 0.024, 0.127, -0.033, 0.026, 0.136, -0.077, 0.021, 0.006, -0.096, 0.038, -0.051, 0.092, 0.046, 0.072, 0.08, 0.052, 0.069, 0.065, 0.059, 0.053, 0.0, 0.0, 0.0], "\"distances_chain\"": [0.045, 2.767, -0.004]}
2g3n;["internal_coords"];["distances_6mer", "distances_chain"]		{"\"internal_coords\"": [-0.003, -0.001, -0.981, -0.994, 0.359, 0.447, 0.521, 0.51, -0.736, 0.178, 0.006, -0.01, 0.932, 0.893, 0.852, 0.86, 1.457, 1.525, 1.327, 1.231], "\"distances_6mer\"": [-3.163, 0.381, 0.898, 1.14, 1.148, 1.496, 1.651, 1.754, 1.704, 1.882, 1.974, 2.045, 2.018, 2.125, 2.092, 2.122, 1.968, 2.087, 2.082, 2.111, 1.983, 2.13, 2.145, 2.185, 0.381, -3.163, 0.426, 0.875, 0.887, 1.329, 1.509, 1.617, 1.597, 1.797, 1.894, 1.972, 2.127, 2.006, 2.087, 2.112, 2.073, 1.964, 2.074, 2.097, 2.084, 2.005, 2.133, 2.169, 0.898, 0.426, -3.163, 0.215, 0.291, 0.887, 1.172, 1.355, 1.317, 1.598, 1.72, 1.814, 2.096, 2.089, 1.941, 2.065, 2.037, 2.043, 1.924, 2.047, 2.046, 2.082, 1.982, 2.117, 1.14, 0.875, 0.215, -3.163, 0.81, 1.016, 1.214, 1.387, 1.329, 1.586, 1.686, 1.774, 2.126, 2.114, 2.065, 1.965, 2.065, 2.067, 2.047, 1.946, 2.073, 2.104, 2.102, 2.014, 1.148, 0.887, 0.291, 0.81, -3.163, 0.381, 0.898, 1.14, 1.148, 1.496, 1.651, 1.754, 1.974, 2.076, 2.039, 2.067, 1.913, 2.029, 2.021, 2.048, 1.921, 2.066, 2.077, 2.117, 1.496, 1.329, 0.887, 1.016, 0.381, -3.163, 0.426, 0.875, 0.887, 1.329, 1.509, 1.617, 2.095, 1.97, 2.047, 2.07, 2.031, 1.919, 2.026, 2.049, 2.036, 1.955, 2.08, 2.115, 1.651, 1.509, 1.172, 1.214, 0.898, 0.426, -3.163, 0.215, 0.291, 0.887, 1.172, 1.355, 2.089, 2.078, 1.927, 2.049, 2.022, 2.025, 1.903, 2.024, 2.024, 2.057, 1.954, 2.088, 1.754, 1.617, 1.355, 1.387, 1.14, 0.875, 0.215, -3.163, 0.81, 1.016, 1.214, 1.387, 2.119, 2.103, 2.05, 1.949, 2.05, 2.048, 2.025, 1.922, 2.051, 2.078, 2.074, 1.985, 1.704, 1.597, 1.317, 1.329, 1.148, 0.887, 0.291, 0.81, -3.163, 0.381, 0.898, 1.14, 1.989, 2.088, 2.048, 2.074, 1.921, 2.034, 2.023, 2.049, 1.922, 2.065, 2.073, 2.111, 1.882, 1.797, 1.598, 1.586, 1.496, 1.329, 0.887, 1.016, 0.381, -3.163, 0.426, 0.875, 2.135, 2.008, 2.082, 2.104, 2.066, 1.952, 2.055, 2.076, 2.064, 1.979, 2.101, 2.134, 1.974, 1.894, 1.72, 1.686, 1.651, 1.509, 1.172, 1.214, 0.898, 0.426, -3.163, 0.215, 2.148, 2.134, 1.981, 2.101, 2.075, 2.075, 1.95, 2.07, 2.07, 2.099, 1.992, 2.124, 2.045, 1.972, 1.814, 1.774, 1.754, 1.617, 1.355, 1.387, 1.14, 0.875, 0.215, -3.163, 2.188, 2.169, 2.115, 2.012, 2.114, 2.11, 2.084, 1.98, 2.108, 2.132, 2.124, 2.032, 2.018, 2.127, 2.096, 2.126, 1.974, 2.095, 2.089, 2.119, 1.989, 2.135, 2.148, 2.188, -3.163, 0.381, 0.898, 1.138, 1.15, 1.497, 1.654, 1.756, 1.71, 1.888, 1.982, 2.053, 2.125, 2.006, 2.089, 2.114, 2.076, 1.97, 2.078, 2.103, 2.088, 2.008, 2.134, 2.169, 0.381, -3.163, 0.426, 0.875, 0.887, 1.329, 1.509, 1.615, 1.601, 1.801, 1.9, 1.977, 2.092, 2.087, 1.941, 2.065, 2.039, 2.047, 1.927, 2.05, 2.048, 2.082, 1.981, 2.115, 0.898, 0.426, -3.163, 0.215, 0.291, 0.887, 1.174, 1.355, 1.322, 1.601, 1.725, 1.818, 2.122, 2.112, 2.065, 1.965, 2.067, 2.07, 2.049, 1.949, 2.074, 2.104, 2.101, 2.012, 1.138, 0.875, 0.215, -3.163, 0.81, 1.016, 1.218, 1.391, 1.333, 1.591, 1.692, 1.778, 1.968, 2.073, 2.037, 2.065, 1.913, 2.031, 2.022, 2.05, 1.921, 2.066, 2.075, 2.114, 1.15, 0.887, 0.291, 0.81, -3.163, 0.381, 0.898, 1.135, 1.152, 1.498, 1.654, 1.757, 2.087, 1.964, 2.043, 2.067, 2.029, 1.919, 2.025, 2.048, 2.034, 1.952, 2.075, 2.11, 1.497, 1.329, 0.887, 1.016, 0.381, -3.163, 0.426, 0.875, 0.887, 1.329, 1.509, 1.615, 2.082, 2.074, 1.924, 2.047, 2.021, 2.026, 1.903, 2.025, 2.023, 2.055, 1.95, 2.084, 1.654, 1.509, 1.174, 1.218, 0.898, 0.426, -3.163, 0.215, 0.291, 0.887, 1.173, 1.354, 2.111, 2.097, 2.047, 1.946, 2.048, 2.049, 2.024, 1.922, 2.049, 2.076, 2.07, 1.98, 1.756, 1.615, 1.355, 1.391, 1.135, 0.875, 0.215, -3.163, 0.81, 1.016, 1.216, 1.389, 1.983, 2.084, 2.046, 2.073, 1.921, 2.036, 2.024, 2.051, 1.922, 2.064, 2.07, 2.108, 1.71, 1.601, 1.322, 1.333, 1.152, 0.887, 0.291, 0.81, -3.163, 0.381, 0.898, 1.137, 2.13, 2.005, 2.082, 2.104, 2.066, 1.955, 2.057, 2.078, 2.065, 1.979, 2.099, 2.132, 1.888, 1.801, 1.601, 1.591, 1.498, 1.329, 0.887, 1.016, 0.381, -3.163, 0.426, 0.875, 2.145, 2.133, 1.982, 2.102, 2.077, 2.08, 1.954, 2.074, 2.073, 2.101, 1.992, 2.124, 1.982, 1.9, 1.725, 1.692, 1.654, 1.509, 1.173, 1.216, 0.898, 0.426, -3.163, 0.215, 2.185, 2.169, 2.117, 2.014, 2.117, 2.115, 2.088, 1.985, 2.111, 2.134, 2.124, 2.032, 2.053, 1.977, 1.818, 1.778, 1.757, 1.615, 1.354, 1.389, 1.137, 0.875, 0.215, -3.163], "\"distances_chain\"": [0.045, 2.767, -0.004]}
2g3n;[["internal_coords", {"log_lengths": true}]];["distances_6mer", "distances_2mer", "orientations_2mer", "distances_chain", "orientations_chain", "position_2mer"]		{"[\"internal_coords\", {\"log_lengths\": true}]": [-0.003, -0.001, -0.981, -0.994, 0.359, 0.447, 0.521, 0.51, -0.736, 0.178, 0.006, -0.01, 0.932, 0.893, 0.852, 0.86, 0.383, 0.428, 0.285, 0.216], "\"distances_6mer\"": [-3.163, 0.381, 0.898, 1.14, 1.148, 1.496, 1.651, 1.754, 1.704, 1.882, 1.974, 2.045, 2.018, 2.125, 2.092, 2.122, 1.968, 2.087, 2.082, 2.111, 1.983, 2.13, 2.145, 2.185, 0.381, -3.163, 0.426, 0.875, 0.887, 1.329, 1.509, 1.617, 1.597, 1.797, 1.894, 1.972, 2.127, 2.006, 2.087, 2.112, 2.073, 1.964, 2.074, 2.097, 2.084, 2.005, 2.133, 2.169, 0.898, 0.426, -3.163, 0.215, 0.291, 0.887, 1.172, 1.355, 1.317, 1.598, 1.72, 1.814, 2.096, 2.089, 1.941, 2.065, 2.037, 2.043, 1.924, 2.047, 2.046, 2.082, 1.982, 2.117, 1.14, 0.875, 0.215, -3.163, 0.81, 1.016, 1.214, 1.387, 1.329, 1.586, 1.686, 1.774, 2.126, 2.114, 2.065, 1.965, 2.065, 2.067, 2.047, 1.946, 2.073, 2.104, 2.102, 2.014, 1.148, 0.887, 0.291, 0.81, -3.163, 0.381, 0.898, 1.14, 1.148, 1.496, 1.651, 1.754, 1.974, 2.076, 2.039, 2.067, 1.913, 2.029, 2.021, 2.048, 1.921, 2.066, 2.077, 2.117, 1.496, 1.329, 0.887, 1.016, 0.381, -3.163, 0.426, 0.875, 0.887, 1.329, 1.509, 1.617, 2.095, 1.97, 2.047, 2.07, 2.031, 1.919, 2.026, 2.049, 2.036, 1.955, 2.08, 2.115, 1.651, 1.509, 1.172, 1.214, 0.898, 0.426, -3.163, 0.215, 0.291, 0.887, 1.172, 1.355, 2.089, 2.078, 1.927, 2.049, 2.022, 2.025, 1.903, 2.024, 2.024, 2.057, 1.954, 2.088, 1.754, 1.617, 1.355, 1.387, 1.14, 0.875, 0.215, -3.163, 0.81, 1.016, 1.214, 1.387, 2.119, 2.103, 2.05, 1.949, 2.05, 2.048, 2.025, 1.922, 2.051, 2.078, 2.074, 1.985, 1.704, 1.597, 1.317, 1.329, 1.148, 0.887, 0.291, 0.81, -3.163, 0.381, 0.898, 1.14, 1.989, 2.088, 2.048, 2.074, 1.921, 2.034, 2.023, 2.049, 1.922, 2.065, 2.073, 2.111, 1.882, 1.797, 1.598, 1.586, 1.496, 1.329, 0.887, 1.016, 0.381, -3.163, 0.426, 0.875, 2.135, 2.008, 2.082, 2.104, 2.066, 1.952, 2.055, 2.076, 2.064, 1.979, 2.101, 2.134, 1.974, 1.894, 1.72, 1.686, 1.651, 1.509, 1.172, 1.214, 0.898, 0.426, -3.163, 0.215, 2.148, 2.134, 1.981, 2.101, 2.075, 2.075, 1.95, 2.07, 2.07, 2.099, 1.992, 2.124, 2.045, 1.972, 1.814, 1.774, 1.754, 1.617, 1.355, 1.387, 1.14, 0.875, 0.215, -3.163, 2.188, 2.169, 2.115, 2.012, 2.114, 2.11, 2.084, 1.98, 2.108, 2.132, 2.124, 2.032, 2.018, 2.127, 2.096, 2.126, 1.974, 2.095, 2.089, 2.119, 1.989, 2.135, 2.148, 2.188, -3.163, 0.381, 0.898, 1.138, 1.15, 1.497, 1.654, 1.756, 1.71, 1.888, 1.982, 2.053, 2.125, 2.006, 2.089, 2.114, 2.076, 1.97, 2.078, 2.103, 2.088, 2.008, 2.134, 2.169, 0.381, -3.163, 0.426, 0.875, 0.887, 1.329, 1.509, 1.615, 1.601, 1.801, 1.9, 1.977, 2.092, 2.087, 1.941, 2.065, 2.039, 2.047, 1.927, 2.05, 2.048, 2.082, 1.981, 2.115, 0.898, 0.426, -3.163, 0.215, 0.291, 0.887, 1.174, 1.355, 1.322, 1.601, 1.725, 1.818, 2.122, 2.112, 2.065, 1.965, 2.067, 2.07, 2.049, 1.949, 2.074, 2.104, 2.101, 2.012, 1.138, 0.875, 0.215, -3.163, 0.81, 1.016, 1.218, 1.391, 1.333, 1.591, 1.692, 1.778, 1.968, 2.073, 2.037, 2.065, 1.913, 2.031, 2.022, 2.05, 1.921, 2.066, 2.075, 2.114, 1.15, 0.887, 0.291, 0.81, -3.163, 0.381, 0.898, 1.135, 1.152, 1.498, 1.654, 1.757, 2.087, 1.964, 2.043, 2.067, 2.029, 1.919, 2.025, 2.048, 2.034, 1.952, 2.075, 2.11, 1.497, 1.329, 0.887, 1.016, 0.381, -3.163, 0.426, 0.875, 0.887, 1.329, 1.509, 1.615, 2.082, 2.074, 1.924, 2.047, 2.021, 2.026, 1.903, 2.025, 2.023, 2.055, 1.95, 2.084, 1.654, 1.509, 1.174, 1.218, 0.898, 0.426, -3.163, 0.215, 0.291, 0.887, 1.173, 1.354, 2.111, 2.097, 2.047, 1.946, 2.048, 2.049, 2.024, 1.922, 2.049, 2.076, 2.07, 1.98, 1.756, 1.615, 1.355, 1.391, 1.135, 0.875, 0.215, -3.163, 0.81, 1.016, 1.216, 1.389, 1.983, 2.084, 2.046, 2.073, 1.921, 2.036, 2.024, 2.051, 1.922, 2.064, 2.07, 2.108, 1.71, 1.601, 1.322, 1.333, 1.152, 0.887, 0.291, 0.81, -3.163, 0.381, 0.898, 1.137, 2.13, 2.005, 2.082, 2.104, 2.066, 1.955, 2.057, 2.078, 2.065, 1.979, 2.099, 2.132, 1.888, 1.801, 1.601, 1.591, 1.498, 1.329, 0.887, 1.016, 0.381, -3.163, 0.426, 0.875, 2.145, 2.133, 1.982, 2.102, 2.077, 2.08, 1.954, 2.074, 2.073, 2.101, 1.992, 2.124, 1.982, 1.9, 1.725, 1.692, 1.654, 1.509, 1.173, 1.216, 0.898, 0.426, -3.163, 0.215, 2.185, 2.169, 2.117, 2.014, 2.117, 2.115, 2.088, 1.985, 2.111, 2.134, 2.124, 2.032, 2.053, 1.977, 1.818, 1.778, 1.757, 1.615, 1.354, 1.389, 1.137, 0.875, 0.215, -3.163], "\"distances_2mer\"": [0.999, 0.39, 0.021, 0.0, 0.0, 0.0, 0.0, 0.0, 0.0, 0.0, 0.0, 0.0, 0.0, 0.0, 0.0, 0.0, 0.0, 0.0, 0.0, 0.0, 0.147, 0.863, 0.684, 0.073, 0.001, 0.0, 0.0, 0.0, 0.0, 0.0, 0.0, 0.0, 0.0, 0.0, 0.0, 0.0, 0.0, 0.0, 0.0, 0.0, 0.004, 0.17, 0.893, 0.642, 0.063, 0.001, 0.0, 0.0, 0.0, 0.0, 0.0, 0.0, 0.0, 0.0, 0.0, 0.0, 0.0, 0.0, 0.0, 0.0, 0.0, 0.036, 0.411, 0.884, 0.406, 0.035, 0.0, 0.0, 0.0, 0.0, 0.0, 0.0, 0.0, 0.0, 0.0, 0.0, 0.0, 0.0, 0.0, 0.0, 0.033, 0.015, 0.027, 0.07, 0.091, 0.116, 0.143, 0.168, 0.218, 0.269, 0.249, 0.18, 0.107, 0.048, 0.018, 0.005, 0.001, 0.0, 0.0, 0.0, 0.005, 0.035, 0.054, 0.04, 0.091, 0.141, 0.14, 0.175, 0.229, 0.272, 0.257, 0.183, 0.094, 0.039, 0.014, 0.003, 0.0, 0.0, 0.0, 0.0, 0.007, 0.037, 0.055, 0.061, 0.081, 0.119, 0.149, 0.173, 0.224, 0.266, 0.257, 0.183, 0.101, 0.041, 0.014, 0.004, 0.001, 0.0, 0.0, 0.0, 0.0, 0.011, 0.063, 0.096, 0.079, 0.093, 0.151, 0.193, 0.218, 0.247, 0.235, 0.185, 0.117, 0.055, 0.02, 0.007, 0.002, 0.0, 0.0, 0.0, 0.147, 0.863, 0.684, 0.073, 0.001, 0.0, 0.0, 0.0, 0.0, 0.0, 0.0, 0.0, 0.0, 0.0, 0.0, 0.0, 0.0, 0.0, 0.0, 0.0, 0.999, 0.39, 0.021, 0.0, 0.0, 0.0, 0.0, 0.0, 0.0, 0.0, 0.0, 0.0, 0.0, 0.0, 0.0, 0.0, 0.0, 0.0, 0.0, 0.0, 0.123, 0.818, 0.738, 0.09, 0.001, 0.0, 0.0, 0.0, 0.0, 0.0, 0.0, 0.0, 0.0, 0.0, 0.0, 0.0, 0.0, 0.0, 0.0, 0.0, 0.006, 0.195, 0.925, 0.594, 0.052, 0.001, 0.0, 0.0, 0.0, 0.0, 0.0, 0.0, 0.0, 0.0, 0.0, 0.0, 0.0, 0.0, 0.0, 0.0, 0.005, 0.035, 0.054, 0.04, 0.091, 0.141, 0.14, 0.175, 0.228, 0.269, 0.251, 0.179, 0.097, 0.044, 0.016, 0.005, 0.001, 0.0, 0.0, 0.0, 0.033, 0.013, 0.006, 0.05, 0.098, 0.137, 0.169, 0.167, 0.224, 0.295, 0.273, 0.164, 0.082, 0.035, 0.012, 0.003, 0.0, 0.0, 0.0, 0.0, 0.004, 0.033, 0.055, 0.039, 0.092, 0.139, 0.143, 0.18, 0.231, 0.286, 0.263, 0.173, 0.085, 0.034, 0.012, 0.003, 0.0, 0.0, 0.0, 0.0, 0.0, 0.009, 0.058, 0.084, 0.085, 0.105, 0.147, 0.198, 0.245, 0.249, 0.237, 0.185, 0.103, 0.044, 0.016, 0.005, 0.001, 0.0, 0.0, 0.0, 0.004, 0.17, 0.893, 0.642, 0.063, 0.001, 0.0, 0.0, 0.0, 0.0, 0.0, 0.0, 0.0, 0.0, 0.0, 0.0, 0.0, 0.0, 0.0, 0.0, 0.123, 0.818, 0.738, 0.09, 0.001, 0.0, 0.0, 0.0, 0.0, 0.0, 0.0, 0.0, 0.0, 0.0, 0.0, 0.0, 0.0, 0.0, 0.0, 0.0, 0.999, 0.39, 0.021, 0.0, 0.0, 0.0, 0.0, 0.0, 0.0, 0.0, 0.0, 0.0, 0.0, 0.0, 0.0, 0.0, 0.0, 0.0, 0.0, 0.0, 0.255, 0.972, 0.502, 0.035, 0.0, 0.0, 0.0, 0.0, 0.0, 0.0, 0.0, 0.0, 0.0, 0.0, 0.0, 0.0, 0.0, 0.0, 0.0, 0.0, 0.007, 0.037, 0.055, 0.061, 0.081, 0.119, 0.149, 0.173, 0.223, 0.264, 0.254, 0.182, 0.103, 0.044, 0.015, 0.004, 0.001, 0.0, 0.0, 0.0, 0.004, 0.033, 0.055, 0.039, 0.092, 0.139, 0.143, 0.18, 0.232, 0.287, 0.264, 0.174, 0.084, 0.033, 0.01, 0.003, 0.0, 0.0, 0.0, 0.0, 0.033, 0.014, 0.023, 0.071, 0.09, 0.123, 0.145, 0.171, 0.233, 0.292, 0.27, 0.171, 0.081, 0.031, 0.009, 0.002, 0.0, 0.0, 0.0, 0.0, 0.008, 0.033, 0.031, 0.073, 0.109, 0.1, 0.138, 0.195, 0.239, 0.262, 0.248, 0.18, 0.097, 0.04, 0.013, 0.004, 0.001, 0.0, 0.0, 0.0, 0.0, 0.036, 0.411, 0.884, 0.406, 0.035, 0.0, 0.0, 0.0, 0.0, 0.0, 0.0, 0.0, 0.0, 0.0, 0.0, 0.0, 0.0, 0.0, 0.0, 0.006, 0.195, 0.925, 0.594, 0.052, 0.001, 0.0, 0.0, 0.0, 0.0, 0.0, 0.0, 0.0, 0.0, 0.0, 0.0, 0.0, 0.0, 0.0, 0.0, 0.255, 0.972, 0.502, 0.035, 0.0, 0.0, 0.0, 0.0, 0.0, 0.0, 0.0, 0.0, 0.0, 0.0, 0.0, 0.0, 0.0, 0.0, 0.0, 0.0, 0.999, 0.39, 0.021, 0.0, 0.0, 0.0, 0.0, 0.0, 0.0, 0.0, 0.0, 0.0, 0.0, 0.0, 0.0, 0.0, 0.0, 0.0, 0.0, 0.0, 0.0, 0.011, 0.063, 0.096, 0.079, 0.093, 0.151, 0.193, 0.217, 0.244, 0.233, 0.184, 0.115, 0.057, 0.023, 0.008, 0.002, 0.0, 0.0, 0.0, 0.0, 0.009, 0.058, 0.084, 0.085, 0.105, 0.147, 0.198, 0.246, 0.25, 0.237, 0.185, 0.102, 0.043, 0.016, 0.005, 0.001, 0.0, 0.0, 0.0, 0.008, 0.033, 0.031, 0.073, 0.109, 0.1, 0.138, 0.195, 0.239, 0.262, 0.247, 0.178, 0.097, 0.041, 0.015, 0.004, 0.001, 0.0, 0.0, 0.0, 0.033, 0.013, 0.009, 0.055, 0.117, 0.129, 0.131, 0.182, 0.236, 0.262, 0.236, 0.174, 0.106, 0.05, 0.019, 0.006, 0.002, 0.0, 0.0, 0.0, 0.033, 0.015, 0.027, 0.07, 0.091, 0.116, 0.143, 0.168, 0.218, 0.269, 0.249, 0.18, 0.107, 0.048, 0.018, 0.005, 0.001, 0.0, 0.0, 0.0, 0.005, 0.035, 0.054, 0.04, 0.091, 0.141, 0.14, 0.175, 0.228, 0.269, 0.251, 0.179, 0.097, 0.044, 0.016, 0.005, 0.001, 0.0, 0.0, 0.0, 0.007, 0.037, 0.055, 0.061, 0.081, 0.119, 0.149, 0.173, 0.223, 0.264, 0.254, 0.182, 0.103, 0.044, 0.015, 0.004, 0.001, 0.0, 0.0, 0.0, 0.0, 0.011, 0.063, 0.096, 0.079, 0.093, 0.151, 0.193, 0.217, 0.244, 0.233, 0.184, 0.115, 0.057, 0.023, 0.008, 0.002, 0.0, 0.0, 0.0, 0.999, 0.39, 0.021, 0.0, 0.0, 0.0, 0.0, 0.0, 0.0, 0.0, 0.0, 0.0, 0.0, 0.0, 0.0, 0.0, 0.0, 0.0, 0.0, 0.0, 0.147, 0.863, 0.684, 0.073, 0.001, 0.0, 0.0, 0.0, 0.0, 0.0, 0.0, 0.0, 0.0, 0.0, 0.0, 0.0, 0.0, 0.0, 0.0, 0.0, 0.004, 0.17, 0.893, 0.641, 0.063, 0.001, 0.0, 0.0, 0.0, 0.0, 0.0, 0.0, 0.0, 0.0, 0.0, 0.0, 0.0, 0.0, 0.0, 0.0, 0.001, 0.037, 0.419, 0.884, 0.397, 0.034, 0.0, 0.0, 0.0, 0.0, 0.0, 0.0, 0.0, 0.0, 0.0, 0.0, 0.0, 0.0, 0.0, 0.0, 0.005, 0.035, 0.054, 0.04, 0.091, 0.141, 0.14, 0.175, 0.229, 0.272, 0.257, 0.183, 0.094, 0.039, 0.014, 0.003, 0.0, 0.0, 0.0, 0.0, 0.033, 0.013, 0.006, 0.05, 0.098, 0.137, 0.169, 0.167, 0.224, 0.295, 0.273, 0.164, 0.082, 0.035, 0.012, 0.003, 0.0, 0.0, 0.0, 0.0, 0.004, 0.033, 0.055, 0.039, 0.092, 0.139, 0.143, 0.18, 0.232, 0.287, 0.264, 0.174, 0.084, 0.033, 0.01, 0.003, 0.0, 0.0, 0.0, 0.0, 0.0, 0.009, 0.058, 0.084, 0.085, 0.105, 0.147, 0.198, 0.246, 0.25, 0.237, 0.185, 0.102, 0.043, 0.016, 0.005, 0.001, 0.0, 0.0, 0.0, 0.147, 0.863, 0.684, 0.073, 0.001, 0.0, 0.0, 0.0, 0.0, 0.0, 0.0, 0.0, 0.0, 0.0, 0.0, 0.0, 0.0, 0.0, 0.0, 0.0, 0.999, 0.39, 0.021, 0.0, 0.0, 0.0, 0.0, 0.0, 0.0, 0.0, 0.0, 0.0, 0.0, 0.0, 0.0, 0.0, 0.0, 0.0, 0.0, 0.0, 0.123, 0.818, 0.738, 0.09, 0.001, 0.0, 0.0, 0.0, 0.0, 0.0, 0.0, 0.0, 0.0, 0.0, 0.0, 0.0, 0.0, 0.0, 0.0, 0.0, 0.006, 0.195, 0.925, 0.594, 0.052, 0.001, 0.0, 0.0, 0.0, 0.0, 0.0, 0.0, 0.0, 0.0, 0.0, 0.0, 0.0, 0.0, 0.0, 0.0, 0.007, 0.037, 0.055, 0.061, 0.081, 0.119, 0.149, 0.173, 0.224, 0.266, 0.257, 0.183, 0.101, 0.041, 0.014, 0.004, 0.001, 0.0, 0.0, 0.0, 0.004, 0.033, 0.055, 0.039, 0.092, 0.139, 0.143, 0.18, 0.231, 0.286, 0.263, 0.173, 0.085, 0.034, 0.012, 0.003, 0.0, 0.0, 0.0, 0.0, 0.033, 0.014, 0.023, 0.071, 0.09, 0.123, 0.145, 0.171, 0.233, 0.292, 0.27, 0.171, 0.081, 0.031, 0.009, 0.002, 0.0, 0.0, 0.0, 0.0, 0.008, 0.033, 0.031, 0.073, 0.109, 0.1, 0.138, 0.195, 0.239, 0.262, 0.247, 0.178, 0.097, 0.041, 0.015, 0.004, 0.001, 0.0, 0.0, 0.0, 0.004, 0.17, 0.893, 0.641, 0.063, 0.001, 0.0, 0.0, 0.0, 0.0, 0.0, 0.0, 0.0, 0.0, 0.0, 0.0, 0.0, 0.0, 0.0, 0.0, 0.123, 0.818, 0.738, 0.09, 0.001, 0.0, 0.0, 0.0, 0.0, 0.0, 0.0, 0.0, 0.0, 0.0, 0.0, 0.0, 0.0, 0.0, 0.0, 0.0, 0.999, 0.39, 0.021, 0.0, 0.0, 0.0, 0.0, 0.0, 0.0, 0.0, 0.0, 0.0, 0.0, 0.0, 0.0, 0.0, 0.0, 0.0, 0.0, 0.0, 0.255, 0.972, 0.502, 0.035, 0.0, 0.0, 0.0, 0.0, 0.0, 0.0, 0.0, 0.0, 0.0, 0.0, 0.0, 0.0, 0.0, 0.0, 0.0, 0.0, 0.0, 0.011, 0.063, 0.096, 0.079, 0.093, 0.151, 0.193, 0.218, 0.247, 0.235, 0.185, 0.117, 0.055, 0.02, 0.007, 0.002, 0.0, 0.0, 0.0, 0.0, 0.009, 0.058, 0.084, 0.085, 0.105, 0.147, 0.198, 0.245, 0.249, 0.237, 0.185, 0.103, 0.044, 0.016, 0.005, 0.001, 0.0, 0.0, 0.0, 0.008, 0.033, 0.031, 0.073, 0.109, 0.1, 0.138, 0.195, 0.239, 0.262, 0.248, 0.18, 0.097, 0.04, 0.013, 0.004, 0.001, 0.0, 0.0, 0.0, 0.033, 0.013, 0.009, 0.055, 0.117, 0.129, 0.131, 0.182, 0.236, 0.262, 0.236, 0.174, 0.106, 0.05, 0.019, 0.006, 0.002, 0.0, 0.0, 0.0, 0.001, 0.037, 0.419, 0.884, 0.397, 0.034, 0.0, 0.0, 0.0, 0.0, 0.0, 0.0, 0.0, 0.0, 0.0, 0.0, 0.0, 0.0, 0.0, 0.0, 0.006, 0.195, 0.925, 0.594, 0.052, 0.001, 0.0, 0.0, 0.0, 0.0, 0.0, 0.0, 0.0, 0.0, 0.0, 0.0, 0.0, 0.0, 0.0, 0.0, 0.255, 0.972, 0.502, 0.035, 0.0, 0.0, 0.0, 0.0, 0.0, 0.0, 0.0, 0.0, 0.0, 0.0, 0.0, 0.0, 0.0, 0.0, 0.0, 0.0, 0.999, 0.39, 0.021, 0.0, 0.0, 0.0, 0.0, 0.0, 0.0, 0.0, 0.0, 0.0, 0.0, 0.0, 0.0, 0.0, 0.0, 0.0, 0.0, 0.0, -3.179, 0.383, 0.903, 1.145, 1.924, 2.04, 2.032, 2.059, 0.383, -3.179, 0.428, 0.879, 2.042, 1.93, 2.037, 2.06, 0.903, 0.428, -3.179, 0.216, 2.033, 2.036, 1.914, 2.036, 1.145, 0.879, 0.216, -3.179, 2.061, 2.059, 2.036, 1.933, 1.924, 2.042, 2.033, 2.061, -3.179, 0.383, 0.902, 1.141, 2.04, 1.93, 2.036, 2.059, 0.383, -3.179, 0.428, 0.879, 2.032, 2.037, 1.914, 2.036, 0.902, 0.428, -3.179, 0.216, 2.059, 2.06, 2.036, 1.933, 1.141, 0.879, 0.216, -3.179], "\"orientations_2mer\"": [0.0, 0.0, 0.0, -0.955, -0.0, 0.0, -0.79, 0.0, -0.543, -0.663, 0.07, -0.613, -0.074, -0.002, -0.107, -0.096, -0.008, -0.107, -0.092, -0.021, -0.124, -0.104, -0.024, -0.127, 0.955, 0.0, -0.0, 0.0, 0.0, 0.0, -0.343, -0.0, -0.863, -0.307, 0.073, -0.778, 0.075, -0.008, -0.116, 0.049, -0.011, -0.113, 0.043, -0.019, -0.139, 0.033, -0.026, -0.136, 0.79, -0.0, 0.543, 0.343, 0.0, 0.863, 0.0, 0.0, 0.0, -0.164, 0.138, -0.424, 0.111, -0.009, 0.019, 0.098, -0.01, 0.027, 0.09, -0.016, 0.007, 0.077, -0.021, -0.006, 0.663, -0.07, 0.613, 0.307, -0.073, 0.778, 0.164, -0.138, 0.424, 0.0, 0.0, 0.0, 0.126, -0.025, 0.075, 0.113, -0.026, 0.073, 0.108, -0.034, 0.065, 0.096, -0.038, 0.051, 0.074, 0.002, 0.107, -0.075, 0.008, 0.116, -0.111, 0.009, -0.019, -0.126, 0.025, -0.075, 0.0, 0.0, 0.0, -0.073, -0.027, -0.048, -0.089, -0.037, -0.068, -0.092, -0.046, -0.072, 0.096, 0.008, 0.107, -0.049, 0.011, 0.113, -0.098, 0.01, -0.027, -0.113, 0.026, -0.073, 0.073, 0.027, 0.048, 0.0, 0.0, 0.0, -0.072, -0.033, -0.063, -0.08, -0.052, -0.069, 0.092, 0.021, 0.124, -0.043, 0.019, 0.139, -0.09, 0.016, -0.007, -0.108, 0.034, -0.065, 0.089, 0.037, 0.068, 0.072, 0.033, 0.063, 0.0, 0.0, 0.0, -0.065, -0.059, -0.053, 0.104, 0.024, 0.127, -0.033, 0.026, 0.136, -0.077, 0.021, 0.006, -0.096, 0.038, -0.051, 0.092, 0.046, 0.072, 0.08, 0.052, 0.069, 0.065, 0.059, 0.053, 0.0, 0.0, 0.0], "\"distances_chain\"": [0.045, 2.767, -0.004], "\"orientations_chain\"": [-0.653, 0.004, 0.0, -0.0, 0.977, -0.001, -0.001, -0.001, 3.11, 0.003, -0.0, -0.0, 0.501, 0.007, 0.002, -0.05, 2.019, 0.049, -0.011, -0.113, 0.474, 0.001, 0.0, -0.002], "\"position_2mer\"": [0.955, -0.0, -0.016, 0.007, 0.006, -0.002, -0.007, -0.002, 0.002, 0.005, 0.009, 0.007, -0.001, -0.011, -0.018, -0.012, -0.015, -0.011, 0.006, -0.011, -0.017, 0.015, 0.022, 0.029, 0.072, 0.099, 0.123, 0.123, 0.155, 0.191, 0.207, 0.244, 0.282, 0.293, 0.286, 0.272, 0.23, 0.216, 0.215, 0.297, 0.308, 0.35, 0.349, 0.392, 0.409, 0.401, 0.427, 0.442, 0.447, 0.475, 0.529, 0.594, 0.651, 0.688, 0.705, 0.706, 0.7, 0.697, 0.699, 0.709, 0.725, 0.746, 0.769, 0.793, 0.0, 0.001, -0.003, 0.0, 0.0, 0.001, -0.001, -0.001, 0.0, -0.0, -0.0, 0.003, -0.001, -0.002, -0.001, 0.001, -0.002, 0.0, -0.001, -0.001, -0.0, -0.001, 0.0, -0.001, 0.001, -0.001, -0.0, -0.0, 0.002, 0.001, 0.001, -0.002, 0.002, 0.002, 0.001, 0.002, 0.002, 0.004, -0.0, -0.004, -0.007, -0.006, -0.007, -0.008, -0.008, -0.012, -0.014, -0.014, -0.014, -0.011, -0.007, -0.005, -0.004, -0.005, -0.005, -0.005, -0.004, -0.002, -0.0, 0.001, 0.002, 0.003, 0.004, 0.004]}
